start=2081.037292
pause=yes
volume=130.000000
