start=458.458000
speed=1.331000
fullscreen=no
