start=211.244578
speed=1.464100
