start=127.040000
speed=1.331000
fullscreen=no
