start=434.401000
speed=1.331000
fullscreen=no
aid=1
sid=no
