start=971.466667
speed=1.464100
