start=474.827000
volume=120.000000
aid=1
