start=441.329238
osd-level=3
speed=1.464100
pause=yes
fullscreen=no
