start=221.084834
osd-level=3
speed=1.331000
