start=5384.305000
speed=1.948717
