start=0.360000
osd-level=3
volume=90.000000
