start=1119.251467
speed=1.210000
