start=522.922400
speed=1.100000
fullscreen=no
