start=0.250000
volume=150.000000
