start=254.671083
speed=1.464100
fullscreen=no
