start=0.666667
volume=70.000000
sid=1
