start=1002.210000
aid=1
sid=1
sub-delay=-0.000000
