start=89.689600
pause=yes
volume=69.000000
