start=915.333333
speed=1.100000
