start=259.200000
speed=1.210000
