start=2220.033333
speed=1.100000
