start=2193.366667
speed=1.210000
