start=1189.563375
speed=1.610510
volume=80.000000
ontop=yes
