start=554.015466
osd-level=3
speed=1.210000
fullscreen=no
ontop=yes
