start=5.964298
sid=1
sub-delay=-0.000000
