start=276.025750
speed=1.331000
