start=927.559967
speed=1.464100
