start=859.024833
speed=1.464100
fullscreen=no
