start=14.354455
volume=150.000000
