start=3265.972000
speed=1.948717
