start=1033.666667
volume=102.000000
