start=8617.617618
speed=1.948717
fullscreen=no
