start=1154.786967
speed=1.464100
volume=85.000000
fullscreen=no
ontop=yes
