start=637.233333
speed=1.464100
