start=76.709633
speed=1.610510
