start=3065.896167
sub-delay=-0.000000
