start=256.640000
speed=1.210000
