start=138.450000
speed=1.464100
