start=725.991933
speed=1.331000
