start=1063.640000
speed=1.610510
