start=0.083000
volume=150.000000
sid=2
