start=2936.000000
volume=93.000000
fullscreen=no
