start=0.667334
volume=80.000000
sid=1
