start=31.490725
speed=1.331000
fullscreen=no
