start=21.777678
pause=yes
volume=98.000000
