start=1585.042000
volume=96.000000
fullscreen=no
panscan=0.300000
aid=2
sid=2
sub-pos=98
ab-loop-a=116.292000
