start=1653.541667
speed=1.610510
