start=395.680000
speed=1.331000
fullscreen=no
