start=25.366667
volume=56.000000
fullscreen=no
