start=0.120000
volume=122.000000
