start=212.666667
speed=1.610510
