start=787.853733
speed=1.464100
