start=3478.917000
volume=140.000000
