start=4174.400000
volume=96.000000
