start=0.792459
volume=50.000000
sid=no
