start=1698.498498
volume=70.000000
fullscreen=no
