start=266.966667
speed=1.210000
ontop=yes
