start=87.587500
speed=1.100000
fullscreen=no
