start=3173.500000
speed=1.331000
