start=98.291667
speed=1.210000
