start=684.476143
volume=98.000000
sid=1
