start=1851.919211
speed=1.100000
pause=yes
volume=99.000000
