start=35.433000
volume=80.000000
