start=339.750000
speed=1.100000
