start=903.278278
volume=98.000000
sid=1
