start=1.880000
volume=150.000000
aid=1
sid=1
