start=3935.958000
volume=112.000000
