start=1071.603867
speed=1.331000
fullscreen=no
