start=3365.291667
speed=3.797498
