start=2950.808348
osd-level=3
speed=1.464100
fullscreen=no
