start=204.504300
speed=1.464100
