start=175.208367
speed=1.464100
