start=624.832542
speed=1.331000
fullscreen=no
