start=59.906742
speed=1.331000
