start=1105.104000
speed=1.771561
