start=755.171000
volume=99.000000
