start=1447.510092
osd-level=3
speed=1.331000
volume=98.000000
fullscreen=no
