start=612.478533
speed=1.210000
fullscreen=no
