start=1387.000000
speed=1.210000
fullscreen=no
