start=341.090750
volume=72.000000
fullscreen=no
