start=148.537751
speed=1.331000
fullscreen=no
