start=325.492000
volume=124.000000
