start=1306.042000
aid=1
sid=1
sub-delay=-0.000000
