start=373.786000
volume=94.000000
sid=1
sub-delay=-4.999998
