start=1285.666667
osd-level=3
speed=1.331000
