start=140.057000
volume=96.000000
fullscreen=no
sid=1
