start=595.533333
speed=1.331000
