start=4.871533
volume=60.000000
